242234           111111           3
242234           342234           0
242234           222222           2
242234           231244           0
242234           333333           1
242234           342121           3
242234           444444           0
242234           243124           0
242234           341232           2
242234           132432           2
Closest candidate to target 242234 is: 2
231244           111111           3
231244           342234           0
231244           222222           2
231244           231244           0
231244           333333           1
231244           342121           3
231244           444444           0
231244           243124           0
231244           341232           2
231244           132432           2
Closest candidate to target 231244 is: 2
132232           111111           1
132232           342234           2
132232           222222           0
132232           231244           2
132232           333333           1
132232           342121           1
132232           444444           2
132232           243124           2
132232           341232           0
132232           132432           0
Closest candidate to target 132232 is: 3
132232           111111           1
132232           342234           2
132232           222222           0
132232           231244           2
132232           333333           1
132232           342121           1
132232           444444           2
132232           243124           2
132232           341232           0
132232           132432           0
Closest candidate to target 132232 is: 3
